5.890000000000000000e+02
8.570000000000000000e+02
8.170000000000000000e+02
8.920000000000000000e+02
9.040000000000000000e+02
9.410000000000000000e+02
1.003000000000000000e+03
1.029000000000000000e+03
1.004000000000000000e+03
1.062000000000000000e+03
1.069000000000000000e+03
1.020000000000000000e+03
1.024000000000000000e+03
1.051000000000000000e+03
1.048000000000000000e+03
1.056000000000000000e+03
1.068000000000000000e+03
1.049000000000000000e+03
1.044000000000000000e+03
1.012000000000000000e+03
1.062000000000000000e+03
1.042000000000000000e+03
1.028000000000000000e+03
1.034000000000000000e+03
1.049000000000000000e+03
1.026000000000000000e+03
1.036000000000000000e+03
1.044000000000000000e+03
8.490000000000000000e+02
1.014000000000000000e+03
1.060000000000000000e+03
9.940000000000000000e+02
1.037000000000000000e+03
1.052000000000000000e+03
1.025000000000000000e+03
1.023000000000000000e+03
1.058000000000000000e+03
1.023000000000000000e+03
1.005000000000000000e+03
9.940000000000000000e+02
