6.260000000000000000e+02
9.110000000000000000e+02
9.300000000000000000e+02
9.690000000000000000e+02
9.810000000000000000e+02
1.008000000000000000e+03
9.960000000000000000e+02
9.910000000000000000e+02
1.004000000000000000e+03
1.015000000000000000e+03
1.009000000000000000e+03
1.026000000000000000e+03
1.019000000000000000e+03
9.920000000000000000e+02
9.990000000000000000e+02
1.006000000000000000e+03
1.031000000000000000e+03
1.000000000000000000e+03
1.023000000000000000e+03
9.710000000000000000e+02
9.620000000000000000e+02
1.009000000000000000e+03
1.061000000000000000e+03
1.016000000000000000e+03
1.001000000000000000e+03
1.006000000000000000e+03
9.900000000000000000e+02
1.014000000000000000e+03
1.032000000000000000e+03
1.041000000000000000e+03
1.048000000000000000e+03
1.032000000000000000e+03
1.051000000000000000e+03
1.062000000000000000e+03
1.040000000000000000e+03
